100000 0.01 二分线序分支 3 2 2 2 2 2 2 2 0 0 1 1 1 1 0 1 1 0 1 1 1 0 1 1 1 0 1 1 1 0 1 1 1 2 0 1 1 1 0 1 1 0 1 1 0 1 1 0 0 1 
100000 0.01 多线程优化 22 2 1 2 1 2 1 2 1 3 3 3 5 9 9 6 8 15 7 6 6 5 6 6 5 7 7 5 6 6 6 7 6 4 7 7 1 1 1 1 1 1 7 1 1 1 1 1 1 1 
100000 0.05 二分线序分支 0 0 0 0 0 1 0 0 0 0 1 0 0 0 0 1 0 0 0 0 1 0 0 0 1 0 0 0 1 0 0 0 0 1 0 0 0 0 1 0 0 0 0 1 0 0 0 1 0 0 
100000 0.05 多线程优化 1 2 1 1 1 1 1 1 8 1 1 1 1 1 2 1 1 1 1 1 1 1 1 1 1 1 8 1 1 1 1 1 0 1 1 1 2 1 1 1 1 1 1 1 1 1 1 1 1 1 
100000 0.1 二分线序分支 1 1 0 1 1 0 1 1 0 1 0 1 1 0 1 0 1 1 0 1 0 1 8 1 0 1 0 1 0 1 0 1 0 1 0 1 0 1 0 1 0 1 0 0 1 0 1 0 1 0 
100000 0.1 多线程优化 1 2 1 1 1 2 1 2 1 1 1 1 2 1 1 1 2 1 10 1 1 1 2 1 1 1 2 1 1 1 2 1 1 2 1 1 2 1 1 1 2 1 1 1 1 1 2 1 1 2 
100000 0.2 二分线序分支 0 1 0 1 0 1 0 1 0 1 0 1 0 1 0 0 1 0 1 0 1 0 1 0 1 0 1 0 1 0 1 1 0 1 0 1 1 0 1 0 1 1 0 1 0 1 0 1 1 0 
100000 0.2 多线程优化 1 2 1 1 1 1 1 2 1 1 1 2 1 2 1 1 1 1 1 1 1 1 2 1 2 1 1 1 1 2 1 1 1 2 1 1 3 1 1 3 2 2 3 2 1 2 1 2 2 1 
100000 0.35 二分线序分支 0 1 0 0 0 0 0 1 0 0 0 0 0 1 0 0 0 0 0 1 0 0 0 1 0 0 0 0 1 0 0 0 0 1 0 0 0 0 0 1 0 0 0 0 0 1 0 0 0 0 
100000 0.35 多线程优化 2 1 1 2 1 1 1 1 1 1 1 2 1 1 0 1 1 1 1 1 1 2 1 1 1 1 1 1 1 1 1 1 1 2 1 1 1 1 1 1 1 1 1 1 1 1 1 1 2 1 
100000 0.5 二分线序分支 0 0 1 0 0 0 1 0 0 0 1 0 0 0 0 1 0 0 0 1 0 0 0 1 0 0 0 1 0 0 0 1 0 0 0 1 0 0 0 1 0 0 0 1 0 0 0 0 1 0 
100000 0.5 多线程优化 1 2 2 1 2 1 1 2 1 1 1 2 1 2 1 1 1 1 1 1 1 1 2 2 1 1 1 1 1 1 1 1 2 1 1 2 1 1 0 0 1 1 1 1 1 1 1 1 1 1 

200000 0.01 二分线序分支 0 0 0 0 0 0 0 0 0 0 0 0 0 0 0 0 0 0 0 1 0 0 0 0 0 0 0 0 0 0 0 0 0 1 0 0 0 0 0 0 0 0 0 0 0 0 1 0 0 0 
200000 0.01 多线程优化 2 1 1 31 1 2 0 1 1 1 1 1 0 2 0 1 1 1 1 1 1 1 16 1 1 1 1 1 1 1 1 1 1 2 1 1 1 1 2 0 1 1 1 1 1 1 1 2 1 1 
200000 0.05 二分线序分支 0 0 0 0 1 0 0 0 0 0 0 0 1 0 0 0 0 0 0 0 0 1 0 0 0 0 0 0 0 1 0 0 0 0 0 0 0 0 0 0 0 0 1 0 0 0 0 0 0 1 
200000 0.05 多线程优化 1 1 1 1 1 1 1 1 1 1 1 1 1 1 1 1 1 1 1 1 1 1 1 1 1 1 1 1 1 1 1 1 1 1 2 1 1 1 0 1 1 1 1 1 1 1 1 1 1 1 
200000 0.1 二分线序分支 1 1 0 1 1 0 1 1 1 0 1 1 1 1 1 1 0 1 1 1 0 1 1 1 1 0 1 1 1 1 0 1 1 1 0 1 1 1 0 0 1 1 1 0 1 1 1 1 0 1 
200000 0.1 多线程优化 2 1 1 1 2 1 2 1 2 2 1 1 1 1 2 1 1 1 2 1 2 2 1 1 1 2 1 1 2 1 2 1 2 1 2 1 2 1 2 1 1 1 2 1 2 1 2 1 1 2 
200000 0.2 二分线序分支 1 0 0 1 1 0 1 1 1 0 1 1 1 0 1 1 0 1 1 0 1 1 0 1 1 0 1 1 0 1 1 1 0 1 1 1 0 1 0 0 1 0 1 1 0 1 1 0 1 1 
200000 0.2 多线程优化 1 1 1 1 1 1 1 1 1 2 1 1 1 1 2 1 2 1 1 1 1 1 1 2 1 1 1 1 2 1 1 2 1 2 1 1 1 0 1 1 1 1 1 1 1 1 2 1 1 1 
200000 0.35 二分线序分支 0 0 0 0 0 0 0 0 0 0 0 0 0 0 0 0 0 0 0 0 0 0 0 0 1 0 0 0 0 0 0 0 0 0 0 0 0 0 0 0 0 0 0 0 0 0 0 0 0 0 
200000 0.35 多线程优化 1 1 1 1 1 1 1 0 0 1 1 1 1 1 1 1 1 1 1 1 1 0 1 1 1 1 1 1 1 1 1 1 0 2 1 1 1 1 0 1 1 1 1 0 1 1 2 1 0 1 
200000 0.5 二分线序分支 1 1 0 1 0 0 1 0 0 1 0 1 0 1 0 0 1 0 1 0 1 0 0 1 0 1 0 1 0 0 0 0 1 0 1 0 0 1 0 1 0 1 0 1 0 0 1 0 1 0 
200000 0.5 多线程优化 1 1 2 1 1 1 1 1 1 1 1 1 1 1 1 2 1 1 1 1 1 1 1 1 1 1 1 1 1 1 1 1 1 1 1 1 1 1 1 1 2 1 1 1 1 1 2 1 1 1 

300000 0.01 二分线序分支 4 3 2 3 2 3 3 2 3 2 2 3 2 3 2 3 3 2 3 3 3 2 3 2 3 3 2 3 2 3 3 2 3 3 3 2 3 3 3 3 2 3 2 3 3 2 3 3 2 3 
300000 0.01 多线程优化 2 2 2 1 2 2 58 3 2 2 2 2 2 2 2 2 2 2 16 2 1 2 2 2 1 2 2 2 2 1 2 2 2 2 2 2 2 2 2 2 2 2 4 2 2 2 1 2 2 3 
300000 0.05 二分线序分支 2 3 2 1 2 1 2 1 2 1 2 1 2 1 1 2 1 2 1 2 1 1 2 1 2 1 1 2 1 1 2 1 1 2 1 1 2 1 2 1 1 2 1 1 2 1 1 2 1 1 
300000 0.05 多线程优化 1 1 3 1 2 2 1 2 2 1 1 1 2 1 2 2 3 1 1 1 2 1 2 1 2 1 2 1 2 1 2 1 2 2 1 3 2 1 2 1 2 1 1 2 1 1 1 2 3 1 
300000 0.1 二分线序分支 2 3 2 3 3 2 3 2 3 3 3 3 3 2 2 2 3 3 3 2 3 2 2 2 2 2 2 3 2 2 2 2 2 2 2 2 2 2 2 2 2 2 2 2 2 3 2 2 2 2 
300000 0.1 多线程优化 2 1 1 2 2 2 2 2 2 3 2 2 1 2 2 2 2 2 2 2 2 3 2 1 1 2 2 2 1 2 2 2 1 2 2 2 1 2 2 2 1 2 1 2 2 3 1 2 1 2 
300000 0.2 二分线序分支 1 0 0 1 0 1 0 0 1 0 0 1 0 0 1 0 0 1 0 0 1 0 1 0 0 1 0 0 1 0 0 1 0 1 0 0 1 0 0 1 0 1 0 0 1 0 0 1 0 0 
300000 0.2 多线程优化 1 0 0 1 1 1 1 1 1 1 1 1 1 1 1 1 1 1 1 1 2 1 1 1 1 1 0 0 1 1 1 1 1 1 1 0 1 0 1 1 1 1 1 1 1 2 1 1 1 0 
300000 0.35 二分线序分支 3 3 4 2 3 3 2 3 3 3 3 3 2 3 3 3 4 4 3 4 3 3 4 3 2 3 2 3 2 3 2 3 2 3 2 3 2 3 2 3 2 2 3 3 2 3 3 2 3 2 
300000 0.35 多线程优化 2 2 3 2 2 3 2 2 2 3 2 2 4 2 2 2 2 2 2 2 1 2 2 2 2 2 2 2 2 2 2 3 2 2 2 2 2 2 2 2 2 1 2 4 1 2 2 2 1 2 
300000 0.5 二分线序分支 1 1 1 1 0 1 1 1 1 0 1 1 1 1 0 1 1 1 1 0 1 1 1 0 1 1 1 1 0 1 1 1 1 0 1 1 1 1 0 1 1 1 1 0 1 1 1 1 0 1 
300000 0.5 多线程优化 1 1 1 1 2 1 1 1 1 1 1 2 1 1 1 1 1 1 1 1 1 1 1 1 1 1 1 1 2 1 2 1 1 1 1 1 1 1 1 1 1 1 3 1 1 1 1 1 1 1 

400000 0.01 二分线序分支 9 8 9 9 9 9 8 9 8 8 9 9 8 9 9 9 8 9 8 8 8 8 9 8 8 9 8 8 9 9 8 8 8 9 8 8 9 8 9 8 9 8 8 9 8 8 8 9 8 9 
400000 0.01 多线程优化 4 644 4 4 4 5 3 4 4 3 4 4 4 4 4 4 5 4 4 4 4 3 4 5 4 4 7 4 4 4 4 4 4 3 3 4 4 3 4 4 4 4 4 4 4 7 4 4 4 4 
400000 0.05 二分线序分支 6 5 6 6 5 6 5 6 6 5 6 6 6 5 6 6 5 6 5 6 7 5 6 6 6 5 6 5 6 6 6 6 5 6 6 6 5 6 6 6 5 6 6 5 6 6 6 6 6 5 
400000 0.05 多线程优化 3 3 3 3 3 3 4 4 3 3 4 3 3 3 3 4 3 3 4 3 3 3 3 3 4 3 3 4 3 3 3 3 3 3 3 3 4 3 3 2 3 4 3 3 4 3 3 4 3 4 
400000 0.1 二分线序分支 11 11 12 11 12 11 12 11 11 12 11 12 11 12 11 12 11 12 11 12 12 11 11 12 11 12 11 12 12 11 12 12 11 12 11 12 11 11 12 11 11 12 12 11 11 12 12 11 12 11 
400000 0.1 多线程优化 6 6 6 6 6 7 6 7 6 6 6 6 7 6 6 6 7 6 6 5 6 6 6 6 6 6 6 6 6 6 6 6 7 7 6 6 8 5 6 6 6 6 6 6 6 6 6 7 6 6 
400000 0.2 二分线序分支 11 10 11 11 10 11 11 11 11 11 11 11 11 11 11 11 11 11 11 11 11 11 11 11 11 11 11 11 11 11 11 11 11 11 11 11 11 11 11 11 11 11 11 11 11 11 11 11 11 11 
400000 0.2 多线程优化 5 6 6 6 6 6 6 6 5 5 7 6 6 5 6 6 6 6 5 6 6 5 6 6 6 6 6 6 6 6 6 6 5 6 6 7 6 6 7 6 6 6 7 6 7 6 7 6 6 6 
400000 0.35 二分线序分支 7 6 6 6 6 5 5 6 6 6 6 6 5 6 6 6 6 5 6 6 6 6 6 6 5 6 6 6 6 6 6 6 5 6 6 6 6 7 6 6 6 6 6 6 6 6 6 6 5 6 
400000 0.35 多线程优化 3 3 3 3 4 3 3 3 3 3 3 3 3 3 3 2 3 2 4 3 4 3 2 3 3 3 3 3 5 3 3 3 3 3 3 4 3 3 3 3 3 3 3 2 4 3 2 2 3 3 
400000 0.5 二分线序分支 6 6 6 6 5 6 6 6 6 6 5 6 6 6 6 6 6 7 6 6 6 6 6 6 6 6 6 6 6 6 6 6 6 6 6 7 6 6 6 6 6 6 5 6 5 7 6 6 6 6 
400000 0.5 多线程优化 3 3 4 3 4 5 3 3 3 3 4 3 3 3 4 3 4 3 3 3 3 4 3 3 3 3 4 3 3 4 4 4 4 3 4 3 4 3 3 3 4 3 3 3 3 4 3 3 3 4 

500000 0.01 二分线序分支 0 0 0 0 0 0 1 0 0 0 0 0 0 0 0 0 0 0 0 0 0 0 0 0 0 0 0 0 0 0 0 0 1 0 0 0 0 0 0 0 0 0 0 0 0 1 0 0 0 0 
500000 0.01 多线程优化 667 1 1 1 1 1 0 0 1 1 1 1 0 1 1 1 1 0 1 1 1 1 0 0 1 2 1 1 0 1 1 1 0 2 0 1 1 1 1 0 0 1 1 1 2 1 1 1 1 1 
500000 0.05 二分线序分支 21 21 22 22 22 22 22 22 22 22 22 22 22 22 22 22 22 22 23 22 21 23 22 22 22 22 23 23 22 21 22 23 22 22 21 23 22 21 22 22 23 22 22 22 22 22 21 22 21 23 
500000 0.05 多线程优化 11 10 11 10 11 10 10 10 11 11 10 11 11 10 10 10 10 10 11 10 11 11 12 10 10 11 10 10 11 11 10 11 10 10 10 10 11 12 10 11 10 10 10 11 10 10 10 12 11 10 
500000 0.1 二分线序分支 20 20 21 20 21 20 20 21 21 20 22 20 21 21 21 20 21 20 21 21 21 20 21 21 20 20 21 21 21 21 20 20 21 21 21 20 21 21 20 21 20 21 21 20 21 20 21 21 20 21 
500000 0.1 多线程优化 8 10 10 10 9 11 11 9 10 10 10 10 9 14 10 13 9 10 9 11 9 10 10 9 10 10 11 9 10 9 10 10 11 11 9 12 10 10 9 10 10 9 11 10 9 12 11 10 10 12 
500000 0.2 二分线序分支 17 18 18 18 16 17 16 17 18 17 17 16 16 16 17 16 16 15 16 16 16 16 16 16 16 17 16 16 16 16 16 16 16 16 18 16 16 17 16 17 16 16 16 16 17 16 16 16 17 16 
500000 0.2 多线程优化 7 8 8 8 9 9 7 8 9 7 8 7 9 8 8 8 11 7 8 8 8 8 8 8 8 8 9 8 8 9 9 8 8 8 8 8 8 8 8 7 8 9 8 8 8 8 8 7 9 8 
500000 0.35 二分线序分支 8 8 8 8 8 8 8 8 8 9 8 8 8 9 8 8 9 8 8 9 8 8 8 8 8 8 8 8 9 8 8 8 9 8 8 8 8 8 8 8 9 8 8 9 8 8 8 8 9 8 
500000 0.35 多线程优化 4 4 4 5 4 4 4 4 4 5 5 4 5 5 4 4 4 4 5 4 4 4 5 4 4 5 4 5 4 4 4 4 4 4 4 4 4 5 4 4 5 4 4 4 4 5 4 4 4 4 
500000 0.5 二分线序分支 0 0 1 0 0 0 0 0 1 0 0 0 0 0 1 0 0 0 0 0 0 1 0 0 0 0 0 1 0 0 0 0 0 1 0 0 0 0 0 1 0 0 0 0 0 1 0 0 0 0 
500000 0.5 多线程优化 1 1 1 1 1 1 1 1 0 0 1 2 1 0 1 1 1 1 0 0 1 1 1 1 1 0 1 1 1 1 1 1 1 1 1 1 0 1 1 1 1 0 1 2 1 0 1 1 1 1 

600000 0.01 二分线序分支 25 25 25 25 25 25 25 25 25 26 24 25 25 26 24 25 26 25 26 25 25 26 25 25 25 939 23 24 24 23 24 23 23 24 24 24 23 25 24 23 23 25 24 23 24 23 24 24 23 24 
600000 0.01 多线程优化 12 11 11 12 11 12 11 12 11 23 11 11 11 12 11 11 12 13 11 11 11 24 12 11 12 12 11 11 12 11 11 11 11 13 11 11 12 11 12 11 11 12 22 11 11 11 12 11 10 12 
600000 0.05 二分线序分支 29 28 28 28 28 28 28 29 28 28 29 28 28 28 29 28 28 29 28 28 27 29 28 29 28 29 28 28 29 29 28 28 29 28 28 29 28 28 28 29 28 28 29 28 28 28 29 29 28 28 
600000 0.05 多线程优化 13 13 23 14 13 14 13 15 13 13 14 13 13 14 14 13 12 14 14 14 13 14 14 13 14 13 22 14 14 14 13 13 14 13 15 15 15 13 13 14 13 13 14 15 14 14 13 24 14 14 
600000 0.1 二分线序分支 5 6 4 4 4 4 4 5 4 4 5 4 5 5 4 4 4 4 5 5 4 4 5 5 5 4 4 4 4 4 4 4 5 4 4 4 5 4 4 4 4 4 4 4 4 5 4 5 4 4 
600000 0.1 多线程优化 2 2 2 2 3 2 2 2 2 2 2 2 2 2 2 3 2 2 2 12 3 2 2 3 2 2 2 3 2 2 2 2 2 2 2 3 3 2 6 2 2 2 2 2 2 2 2 2 3 2 
600000 0.2 二分线序分支 22 23 24 23 23 23 23 23 23 23 23 25 23 23 23 24 23 23 23 24 23 23 23 23 24 23 23 23 24 23 23 24 23 24 23 23 27 24 23 23 23 24 23 23 23 24 23 23 23 23 
600000 0.2 多线程优化 11 11 11 11 12 11 11 11 13 12 14 11 11 11 12 11 11 13 11 10 11 11 11 11 11 12 12 11 11 11 11 11 14 11 10 12 11 11 11 11 11 11 12 11 12 11 11 11 12 11 
600000 0.35 二分线序分支 15 15 15 15 15 15 15 15 15 15 15 16 14 15 15 16 15 15 14 15 15 15 16 15 14 15 15 14 15 15 15 15 15 15 14 14 16 14 15 15 15 15 15 14 15 19 14 14 15 15 
600000 0.35 多线程优化 7 7 7 7 8 7 8 7 7 8 7 8 7 8 7 7 7 8 7 7 7 7 8 7 12 7 7 7 8 7 7 7 8 7 7 8 7 8 7 7 8 7 7 11 7 7 7 8 8 7 
600000 0.5 二分线序分支 9 8 9 8 9 8 8 9 8 9 8 9 8 9 8 9 8 9 8 9 8 9 8 9 8 9 9 8 9 8 9 8 8 9 8 9 8 9 8 9 8 9 8 9 8 9 8 9 8 8 
600000 0.5 多线程优化 4 4 5 4 4 5 4 5 4 7 5 4 4 4 5 4 4 5 4 5 4 5 5 4 5 4 5 8 4 5 4 5 5 4 4 5 4 4 5 4 4 4 5 4 4 5 4 4 5 5 

700000 0.01 二分线序分支 41 41 41 41 41 41 41 41 41 41 41 41 41 42 41 41 42 41 41 41 41 41 41 41 41 41 41 41 41 41 41 42 40 42 41 41 41 40 41 42 41 40 41 40 41 41 41 41 41 41 
700000 0.01 多线程优化 17 146 18 18 17 19 18 18 18 19 18 19 19 18 19 18 18 19 18 931 20 18 18 18 19 19 18 19 19 18 19 20 18 19 19 19 20 18 19 33 18 19 19 18 19 18 19 19 18 18 
700000 0.05 二分线序分支 9 7 8 8 8 8 8 7 8 8 8 7 8 8 8 8 8 8 8 8 8 8 8 7 8 8 8 8 7 8 8 8 8 8 8 7 8 8 8 8 8 8 7 8 8 8 8 8 8 7 
700000 0.05 多线程优化 3 3 3 4 4 4 15 4 4 4 4 4 4 4 4 3 4 4 4 4 4 3 4 3 4 4 3 3 4 4 4 5 3 4 4 4 4 4 4 3 4 4 4 4 4 4 4 3 4 4 
700000 0.1 二分线序分支 50 48 48 48 49 50 48 49 49 49 48 49 49 49 48 49 49 49 49 49 49 49 48 50 48 50 48 50 48 49 49 49 48 49 48 49 49 49 48 49 50 49 55 48 48 49 48 49 49 49 
700000 0.1 多线程优化 26 25 36 60 37 39 23 23 24 25 24 23 23 22 23 22 22 24 23 24 22 23 23 25 22 23 24 24 22 23 24 22 24 22 24 23 23 23 23 29 24 24 23 23 24 23 23 23 23 24 
700000 0.2 二分线序分支 16 16 16 17 16 17 15 16 17 16 16 17 16 16 16 17 16 17 17 16 16 16 17 16 16 16 16 17 16 16 17 16 16 17 16 16 17 16 16 17 16 16 17 16 16 17 16 16 17 16 
700000 0.2 多线程优化 7 10 9 8 9 7 8 8 8 8 8 7 8 8 8 8 8 8 8 8 9 8 8 8 8 8 7 8 8 8 8 8 9 8 8 8 8 7 8 8 8 8 8 7 8 8 9 8 8 8 
700000 0.35 二分线序分支 15 15 16 15 16 15 16 15 16 15 16 16 15 16 15 16 16 15 16 15 16 16 16 15 16 15 16 16 15 15 16 16 15 15 15 16 16 16 15 16 18 15 15 16 15 16 15 15 16 15 
700000 0.35 多线程优化 8 7 7 8 7 8 8 7 8 7 7 7 8 9 7 8 8 8 8 7 9 8 7 7 7 8 8 7 8 7 8 7 8 8 7 7 8 7 8 8 8 7 8 7 8 7 7 9 7 8 
700000 0.5 二分线序分支 23 23 23 23 24 23 23 23 24 23 23 23 23 23 23 23 23 23 24 23 23 23 23 23 23 23 23 23 23 24 23 23 23 23 23 23 24 23 23 24 23 23 24 22 23 23 23 23 24 23 
700000 0.5 多线程优化 10 13 11 11 11 11 11 11 11 11 11 11 11 11 11 11 11 11 10 11 12 11 11 10 13 12 10 11 10 11 11 11 10 12 10 12 11 12 12 13 12 12 12 11 12 12 12 13 11 11 

800000 0.01 二分线序分支 3 1 1 2 1 1 1 2 1 1 1 2 1 1 1 2 1 1 1 2 1 1 1 2 1 1 2 1 1 1 2 1 1 1 2 1 1 1 2 1 1 1 2 1 1 1 1 1 1 2 
800000 0.01 多线程优化 1 1 1 1 1 1 1 2 1 1 1 1 1 198 1 1 1 1 1 2 1 1 1 1 1 1 1 1 1 1 1 2 74 2 1 1 1 1 1 1 1 1 1 2 861 1 2 1 1 1 
800000 0.05 二分线序分支 13 13 14 14 15 13 14 13 13 13 15 14 14 14 14 14 14 14 14 14 15 14 14 14 14 14 15 14 14 14 14 14 15 14 15 14 14 14 14 14 14 14 15 13 14 14 15 14 14 14 
800000 0.05 多线程优化 6 6 5 6 6 6 8 6 6 6 6 6 5 7 6 6 5 6 7 6 5 6 7 5 6 6 7 6 6 6 9 6 6 6 6 5 6 6 6 5 6 6 6 6 6 6 6 7 6 5 
800000 0.1 二分线序分支 15 15 15 15 15 16 15 15 15 14 16 15 16 15 15 15 15 15 16 15 15 15 15 15 16 15 15 15 15 15 15 16 18 15 14 14 16 14 15 15 15 15 14 16 15 15 15 15 15 15 
800000 0.1 多线程优化 7 7 7 8 7 8 7 7 7 7 7 8 7 8 8 6 9 8 7 7 7 7 7 7 7 7 7 8 7 8 7 7 8 8 6 7 7 8 7 7 7 9 8 7 7 8 7 8 8 7 
800000 0.2 二分线序分支 7 6 6 6 6 6 7 6 6 6 6 7 6 6 6 6 6 6 6 6 6 7 6 6 7 6 7 6 6 6 6 6 7 6 6 6 6 7 6 7 6 6 6 7 6 7 6 6 6 6 
800000 0.2 多线程优化 2 3 2 3 3 2 3 5 3 3 2 3 3 2 3 3 3 2 4 4 4 3 3 3 2 3 3 3 3 3 2 3 3 2 3 3 2 4 3 3 2 3 3 3 3 2 3 3 2 2 
800000 0.35 二分线序分支 1 0 1 0 0 0 1 0 0 0 1 0 0 0 1 0 0 0 1 0 0 0 1 0 0 0 1 0 0 0 1 0 0 1 0 0 0 1 0 0 0 1 0 0 1 0 0 0 1 0 
800000 0.35 多线程优化 1 1 1 1 1 1 1 1 0 1 1 1 1 1 0 1 1 1 3 1 1 0 1 1 1 1 1 1 1 0 1 1 1 1 1 1 0 3 0 1 1 1 1 1 1 0 1 1 1 1 
800000 0.5 二分线序分支 5 4 4 4 4 4 5 4 5 4 4 4 5 5 4 4 3 5 4 4 4 4 3 4 4 4 4 4 4 4 4 4 4 4 3 4 5 5 5 5 4 4 4 4 4 4 4 5 3 4 
800000 0.5 多线程优化 1 1 2 4 2 2 2 2 3 2 2 2 3 2 2 2 2 3 2 2 2 3 2 3 2 2 2 2 4 2 3 2 2 2 3 2 2 2 3 2 2 2 2 2 2 2 2 3 2 2 

900000 0.01 二分线序分支 14 14 14 14 13 14 13 14 14 14 13 14 14 13 14 14 14 14 13 14 14 13 14 13 14 14 14 14 13 14 14 14 13 13 14 13 14 14 14 13 13 14 13 14 13 13 14 13 13 14 
900000 0.01 多线程优化 5 5 6 6 5 6 7 6 1340 6 6 5 6 6 6 6 6 6 5 6 5 6 5 6 6 5 6 6 5 6 7 5 5 10 5 6 6 7 5 6 6 5 6 5 6 6 6 6 5 6 
900000 0.05 二分线序分支 13 13 12 13 12 12 12 13 12 13 13 12 12 12 13 13 13 13 12 18 12 13 13 13 12 13 13 13 12 14 12 12 13 13 12 13 13 13 13 13 12 13 13 12 13 13 13 12 13 13 
900000 0.05 多线程优化 5 6 5 6 5 6 5 6 6 6 8 5 6 6 5 6 6 6 5 6 6 6 5 5 5 6 6 6 5 6 6 5 6 5 7 6 5 6 5 5 5 6 6 6 6 5 5 6 6 6 
900000 0.1 二分线序分支 8 7 8 8 8 7 8 8 8 8 8 8 7 7 9 7 8 8 8 8 8 8 7 8 8 8 8 8 8 7 8 8 8 8 8 8 8 8 7 8 8 8 8 8 8 8 8 8 8 8 
900000 0.1 多线程优化 3 3 4 4 3 6 3 3 5 3 4 3 4 3 4 3 4 4 4 3 4 3 4 3 4 3 4 3 4 3 5 4 3 4 3 4 3 3 4 3 4 4 3 3 4 3 4 3 4 6 
900000 0.2 二分线序分支 16 18 17 16 17 17 17 17 18 17 17 18 17 17 17 17 18 17 17 17 18 17 18 17 17 17 18 17 17 17 18 17 17 18 17 17 18 17 17 17 17 18 17 17 18 17 17 17 17 17 
900000 0.2 多线程优化 8 8 8 8 8 9 8 9 9 8 8 8 9 8 8 8 9 8 8 9 7 9 8 8 8 10 8 8 8 9 8 9 8 8 8 8 8 9 8 8 8 8 8 8 9 8 9 8 8 8 
900000 0.35 二分线序分支 11 10 10 10 10 10 10 10 10 11 10 10 10 10 10 10 10 11 10 10 10 10 11 10 11 10 10 11 10 10 10 11 10 10 11 10 10 10 10 10 11 10 10 10 10 11 10 10 11 10 
900000 0.35 多线程优化 4 4 4 4 5 4 5 4 7 4 5 5 4 5 4 5 4 5 4 5 5 4 5 5 4 5 6 4 5 4 4 4 4 5 4 4 5 4 5 5 4 4 5 4 5 4 5 4 4 5 
900000 0.5 二分线序分支 11 11 10 11 11 11 11 12 11 11 11 11 13 11 11 11 11 11 11 11 11 11 12 11 11 11 11 11 11 11 11 12 11 11 11 11 11 11 11 12 11 11 11 11 11 11 12 11 11 11 
900000 0.5 多线程优化 5 5 5 5 6 5 6 5 5 6 5 6 5 6 5 6 5 5 6 5 5 5 5 5 6 4 6 5 5 5 5 5 5 6 5 5 5 6 5 5 7 5 5 5 5 5 5 6 5 6 

1000000 0.01 二分线序分支 31 1688 27 28 29 28 28 29 28 28 28 28 28 28 28 28 29 28 28 28 29 28 29 27 29 28 28 28 29 29 28 28 28 28 28 29 28 28 28 28 28 28 28 28 28 29 28 29 28 28 
1000000 0.01 多线程优化 13 14 14 13 13 14 23 14 13 14 14 13 14 14 13 14 14 13 14 14 13 15 13 20 14 14 12 14 14 13 14 13 14 13 14 15 13 13 14 14 17 14 14 14 14 14 13 14 13 14 
1000000 0.05 二分线序分支 26 25 24 24 26 25 25 25 26 25 25 26 26 25 25 26 25 25 25 25 26 25 25 25 26 25 25 26 25 25 25 26 25 26 24 25 25 30 25 25 25 25 25 25 25 26 24 26 25 25 
1000000 0.05 多线程优化 11 12 11 13 12 12 11 12 11 12 14 13 13 12 11 13 12 12 12 12 13 12 12 12 13 11 12 12 14 12 18 12 12 12 12 12 14 12 12 11 12 12 12 12 13 12 11 12 16 12 
1000000 0.1 二分线序分支 21 22 21 21 21 20 22 21 21 21 21 22 21 21 21 22 22 21 21 21 22 21 22 21 21 23 20 21 21 21 22 21 21 21 22 21 21 21 21 22 21 21 21 21 22 21 22 21 21 22 
1000000 0.1 多线程优化 8 9 9 9 9 9 11 9 11 10 9 9 9 9 9 8 10 8 9 13 9 9 9 9 9 8 9 9 9 13 11 9 9 9 9 9 9 9 8 9 10 10 9 9 9 9 9 9 9 9 
1000000 0.2 二分线序分支 2 1 1 1 1 1 1 1 1 1 1 1 1 1 1 1 2 1 1 1 1 1 1 1 1 1 1 1 1 1 1 1 1 1 1 1 1 1 1 1 1 1 1 1 1 1 1 1 1 1 
1000000 0.2 多线程优化 1 1 3 1 1 1 1 1 2 1 1 1 1 1 1 1 1 1 1 1 1 1 1 1 1 1 1 3 1 1 1 1 1 1 1 1 1 1 1 1 1 1 1 1 1 1 1 1 1 1 
1000000 0.35 二分线序分支 9 11 10 9 9 9 9 11 10 10 10 11 10 10 10 10 10 10 10 10 12 11 10 10 10 10 10 10 10 11 10 11 10 10 10 10 10 10 10 10 10 11 10 10 10 10 10 10 10 10 
1000000 0.35 多线程优化 4 6 5 5 5 4 5 4 5 4 5 4 4 5 4 5 7 4 5 4 5 5 6 5 4 5 5 4 5 5 4 5 4 5 6 5 4 4 5 5 5 4 5 5 6 4 5 4 5 5 
1000000 0.5 二分线序分支 3 2 1 2 2 1 2 2 1 2 2 2 2 1 1 2 2 1 2 2 1 2 2 2 1 2 2 1 2 2 2 1 2 2 2 1 2 2 2 2 2 2 2 2 2 0 3 2 2 1 
1000000 0.5 多线程优化 2 2 1 1 2 1 2 1 1 2 1 2 1 4 1 2 1 1 2 1 2 1 1 2 1 2 1 1 2 1 2 1 4 1 2 1 1 2 1 1 2 1 1 2 1 2 1 1 2 1 

